> > 2; 200 600 4604; 2 4 6 8; 4 6 4000 6000
2.000 1801.333 5.000 2502.500
2.000 600.000 5.000 2003.000
1 3 4 4
2 5404 20 10010
> ERROR: End of iteration
> 2.500 900.667 1.000 1251.250
> 4 3 1 4
> 10 2702 1 5005
> 1 2 3 4; 100 300 2302; 1; 2000 3000 2 3
> 2.500 300.000 1.000 1001.500
> 4
> 2.500 900.667 1.000 1251.250
4 3 1 4
10 2702 1 5005
2.500 300.000 1.000 1001.500
4
> 4
2
> ERROR: Index out of bounds
> 3002 2002 5 4; 6 5 4 3; 2304 302 102; 3
> 900.667
300.000
2702
3
2302 300 100
> ERROR: Unknown operation
>
